4.0
0.33953897820247136 0.015708271171129586 0.65519327091511 0.18701904217495308 0.337332092823406 0.15126335837349913 0.3802434099033059 1.0896245598252987 0.7455907732109888 0.05586335942265284  
0.1263208470495075 0.27854210683475217 0.4688510265020154 0.08908927507749535 0.34369411195915117 0.44385322533252874 0.15573379722408984 0.16233904815394176 0.17542453686222503 0.57550271918919  
0.2746947974240801 0.0047704474717132055 0.315533219276052 0.4386972758256277 0.36618902401196096 0.1013292239234024 0.027505403395389056 0.005248285764944137 0.15918133103003926 0.23941789823697093  
0.5734764608000997 0.641609865141093 0.36208484522974577 0.013884606474972649 0.19506521550722233 0.37160533912191945 0.46345323914855036 0.28370225621157075 0.19017928554560995 0.10043505700302113  
1.4225433035690842 0.10342305354785102 0.7812701647060248 0.42494189600360255 0.41377694665185144 0.4037224131569173 0.07029013232243236 0.009448196948431915 0.6179952821033902 0.02646063992526605  
0.0050237799336397115 0.006889208764616621 0.11360099594256431 0.5712314729214918 0.1448072577114751 0.3398430873409319 0.21139041244001852 0.382152005216609 0.007928226750726946 0.283802027621069  
0.048349024907728 0.03067870581724098 0.06492855026353878 0.09363736432786511 0.1261996979992465 0.0990177075638334 0.11637624702075837 0.16555257449468683 0.36795833347503903 0.020477076684339575  
0.09462527737737829 0.33311479855418696 0.5516293836030853 0.2142321755668901 0.12737632317946912 0.09096769739065814 0.45294396704506146 0.14253029595363995 0.15731140262416374 0.08849159603783929  
0.08936299423915403 0.3330892220886037 0.15540605463169757 0.034723742039548124 0.11110175613439718 0.2047461230610312 0.5098699826273458 0.08515840349364288 0.6992325850528713 0.11075298153272857  
0.15638738384466724 0.020650236277413626 0.42169506874008467 0.4909736593835567 0.0203640384747751 0.22928961464446354 0.013922132970399884 0.32584927873062397 0.20535840048690124 0.4619678738110712  
0.22587111336306315 0.01707476252108597 0.16199173151986743 0.2337110546967885 0.0629857274579249 0.43496702176702867 0.27330737973790503 0.5475943585527913 0.00691288129985351 0.23327115025161235  
0.1282999506247524 0.006394817492524768 0.018783172043892894 0.034036339157113425 0.512480696093143 0.004481967496482276 0.004473122816334908 0.789186622328854 0.1617571748614207 0.35956488535797204  
0.2030111169182481 0.043767387327395824 0.21447591528008556 0.012492101451308685 0.12404485316107816 0.05119181793939438 0.03765419295773075 0.20663954485754954 0.12171411805765657 0.4200419541194796  
0.17346057457025116 0.20270446975448922 0.04668070088778321 0.22406665744672197 0.6621800773861041 0.14145944911121522 0.2155711761481155 0.10093187195716932 0.0485193222924944 0.7284089368088191  
0.21093509810418512 0.1959508069927693 0.003395744506682472 0.3478230082207007 0.039462190514256035 0.03821950233488135 0.036722910233868596 0.037448337825075236 0.19263431157281266 0.29010684495090316  
0.3811570643798402 0.252328449343941 0.023040120963637025 0.08869598072018801 0.03284654895951936 0.2207485227249557 0.12970975566317722 0.08837663891505448 0.7370082736883911 0.22776475556344777  
0.37874458667880023 0.6497010440780628 0.05625675767895875 0.04260883312350417 0.03017278181585619 0.22967664659261297 0.4633365664454059 0.07145441811133776 0.20909065866491164 0.12883740789927764  
0.5572815129653332 0.21904049016969016 0.2503711152595004 0.3370654625429702 0.026678190848030393 0.5494056366024813 0.01602673710775397 0.016195647879868734 0.051022653423840617 0.11270986498019285  
0.15580623913794844 0.6864886509020237 0.11225703433538461 0.36527627294786097 0.04586876662830038 0.17224510394037926 0.13996835388827497 0.23580050167273842 0.4413407332394833 0.4111956484873837  
0.15714801136169834 0.2908258344703867 0.08322577599588682 0.49399372070995 0.06415671165674361 0.05166087881428125 0.0059118790370661905 0.27536430011183044 0.05184168785655004 0.4566447032229663  
0.40876588730169666 0.15675022890867077 0.6081177881954622 0.03689916515492229 0.01823268974022918 0.10256903548287385 0.7781524488438621 0.11046851879213214 0.11936749400995518 0.004172602723493174  
0.4402395244505164 0.33146425529516216 0.2783397663606206 0.34546252446103337 0.1585138612971155 0.06017962564271932 0.04800133700639195 0.14842028449086722 0.22241704071217547 0.3820207862145348  
0.015403232643721048 0.10091122823126858 0.10218386381461365 0.16553926925471482 0.008178101187362972 0.19631110837584254 0.05530804078398969 0.025817507280825755 0.9549173342319058 0.12382313134375225  
0.07365665897644935 0.14231342628685575 0.17570926788017632 0.10193646466985366 0.0008325574857116973 0.08869450498257472 0.009754919274998816 0.37481110002998486 0.1579333189418203 0.30069083096717586  
0.22885526439774379 0.19704181851149796 0.11176087159840209 0.1761692348436399 0.6972994547802881 0.6760057992800272 0.04812749390017865 0.2683460347265555 0.10532494804792708 0.4101720797343668  
0.485677010167157 0.05989450276038085 0.04970090645339637 0.2327451294705605 0.01396047742715579 0.0005384864001891996 0.8162151171830848 0.04991379064651277 0.17634987932463517 0.013916089973399794  
0.1378583267475689 0.5517066324636284 0.15483269233587774 0.06387884831256513 0.2096898989888279 0.001862350287090259 0.06884928316106373 0.0792402694669649 0.23258472981349582 0.2695457191437643  
0.33140539849201306 0.21936280663630403 0.009549645709374293 0.43078991006698164 0.3402247267847934 0.08222384759077472 0.048101498202049155 0.44080055300137166 0.6151146120786072 0.19181786809522222  
0.29751388160815057 0.47944906734205456 0.18899391121834355 0.08947002227723219 0.3150142117404501 0.11930545208432213 0.25809950879083654 0.07779481882917756 0.3450775742669349 0.04445839506891683  
0.16591228358092333 0.16796853698308795 0.14854739594924976 0.13952093422217962 0.03854841783442351 0.1561004960080688 0.3486720798609741 0.4933326584447972 0.22072056584431055 0.02219901300926091  
0.008685593685203831 0.08016175465644765 0.0367355196275844 0.207024248400641 0.043287799619002296 0.06931908585283245 0.007703172279034654 0.10487836864347264 0.35176584216666584 0.04994664212373259  
0.26685560019107735 0.0019211745721084488 0.04433897767821739 0.10099858139095585 0.24850931130380988 0.595537976438557 0.0358868862158319 0.1215344460622427 0.0010669222492926613 0.3748649486276359  
0.05537143484229158 0.025967991695573397 0.18255594107676096 0.3214446577662217 0.098766853032159 0.09020887679497648 0.7764341742056582 0.42183339703077416 0.23824437713510918 0.1763511561103788  
0.3694643984604169 0.2439735989238395 0.5608871898789338 0.17935191475375406 0.03169540201497544 0.07499345113869539 0.2903184136554996 0.2911866108785356 0.3104074343548295 0.1505688780950546  
0.1363609048736661 0.11523623596728853 0.37364474255461755 0.21085016211650912 0.34923781658006214 0.1419540790067479 0.01666606017250277 0.008351538569419979 0.24391389205535413 0.011044873450333042  
0.06368587421211934 0.13255758387997119 0.34151755052077554 0.5319608181057176 0.28585052218665696 0.32412965326369003 0.12910880349056023 0.0004404010220919206 0.1609906604089322 0.03894910748841688  
0.08802958351979648 0.20070168180693496 0.3275372343728864 0.31915963172044814 0.1377394650603242 0.36019457102851854 0.2305555932911062 0.0596247407158443 0.04546504422717501 0.007210152631287304  
0.13376669543750952 0.035380215195521966 0.13114658081912228 0.0059405869609002885 0.048690244132717476 0.6461968210950314 0.974652839030148 0.09551058185501644 0.0009816008496211657 0.0510668236898674  
0.4267060021901086 0.6719403691208735 0.07154865460674534 0.017939973906823663 0.17662317150889864 0.2250391992231147 0.7149801331191189 0.046243605081773394 0.07891037039028749 0.2630882217127588  
0.0640131340645008 0.16207699730880956 0.9638639480328886 0.10983657751031761 0.05665091939639341 0.13531972459895475 0.03586415544058346 0.28110492200179693 0.35761409658546683 0.5696969107857037  
0.14923693852773606 0.06055462614902526 0.05414662871484876 0.5815632751342906 0.2806887517068412 0.4502308057937973 0.16028007598286206 0.1334389094415053 0.10896034257543814 0.28944333715574244  
0.3346040803074594 0.02049168005519185 0.5744742711757495 0.3063403064153084 0.4761164244285457 0.04211703588587809 0.23013240580976746 0.20368441010682212 0.7316182782279058 0.7193697248939915  
0.5790950992433335 0.4938060506417751 0.029719747077419048 0.37515649184834376 0.038565792240458065 0.08431490417051436 1.0960071097499204 0.2767332627257244 0.3834099352359355 0.2672265279655036  
0.3263865694643906 2.3341220333887076 0.41709491928035947 0.11064723067443179 0.11488800716556746 0.018716953331537278 0.08040845638936424 0.07188141521050598 0.1649247565093203 0.1705426109180115  
0.4355903530702055 0.21402708771902412 0.6750220565646876 0.2135377565561652 0.13482036132453917 0.2751997041209535 0.5891561018254778 0.022336731452931125 0.03673084317789911 0.6643943765114556  
0.13566040339944935 0.022762165650719417 0.08026764908013645 0.21893158358078438 0.47577199263615283 0.1602772605806767 0.015949490605320877 0.138358406439122 0.10543809448004515 0.23762204969650738  
0.03725229915986977 0.43671638984850014 0.4404911941243738 0.15346457254431428 0.0326890089251261 0.06832424878356018 0.29057016123558327 0.6078909838725818 0.051901985790071575 0.02653103099991884  
0.27712705710035723 0.2224367334161255 0.04885265507824675 0.05725787974827719 0.19370299826036708 0.2539202777331813 0.20680137822426417 0.4943570760783408 0.20657020104540857 0.5654307324032689  
0.23820354969652985 0.01857031874712261 0.24750076637225896 0.1292761153988295 0.004078246121061177 0.06781669916392045 0.24232151084326864 0.06686349369829662 0.08755902520441254 0.660159041005394  
0.22649848762194816 0.09233706974670551 0.11294284764318037 0.7473268763112039 0.026384805850210143 0.2629543139184555 0.40705986790857906 0.2261620971547962 0.11409545059245697 0.0073783386808071155  
0.2425163237772137 0.30438643776584984 0.1785526886617253 0.31983909818635187 0.3622816518763008 0.2549654082493254 0.48980607558316 0.1773310859365917 0.26310311415965354 0.5044414941131323  
0.4015647744979723 0.3428342966843595 0.0325319925061586 0.032856823396471245 0.49083258160615933 0.13090658689195966 0.3888276714757043 0.3214134556413495 0.34050462128836373 0.02312209087593816  
0.47644174848883913 0.18859772709211614 0.048623114894105576 0.24832711315442682 0.022328757526174893 0.09075199477317253 0.03308507175633666 0.22312885911039576 0.33993872646043616 0.5174581107582583  
0.10262526016556012 0.02525321025328852 0.06290968117790374 0.14610645731805244 0.05515420178045425 0.2894658401015892 0.42841841303243117 0.12296576847713774 0.0012496857486334486 0.11949515219555733  
0.029358813642745032 0.23650954217157164 0.8268264735653426 0.1636197439565766 0.18847549012792217 0.05593685121093219 0.47397461188075063 0.20332686795261373 0.047002742172011405 0.5626507345448853  
0.008632272379982259 0.08380460067374891 0.05318482794812632 0.22961735366871375 0.11259408715797423 0.3686700616682097 0.9246624236805969 0.03676197679899339 0.07087405444608975 0.15581760318214713  
0.28166704441542323 0.06798990418787348 0.03881437528652338 0.09452784684565703 0.04551922329553977 0.48397018849797496 0.023883858239489866 0.0847374109004559 0.10222217655509874 0.001640301792177206  
0.16045632046334551 0.28388834292054654 0.6623751736549385 0.011151128230217374 0.016851382415196535 0.04300508294275763 0.4137170521252522 0.16031564292918662 0.07706369535621557 0.29139030534182614  
0.3319167935685223 0.30416680831314563 0.13313440345022418 0.07555553871224728 0.22933058196730408 0.045391467686852545 0.10367718762493348 0.2889085515607261 0.5585929703529442 0.05446000573194973  
0.2304492955398812 0.10448649720482593 0.4311718206583459 0.1041968816706083 0.15746588557269955 0.3062459676975034 0.18458624198961437 0.15493545275442905 0.2546857983352879 0.2510023753489141  
0.17104955995434698 0.01288241953341993 0.4719634037131325 0.28084886673619447 0.31328610730583895 0.010238171301424907 0.1511100899190931 0.15499004471743136 0.013338166613372364 0.029405566022428366  
0.5162616909390192 0.3700187966918927 0.05463803318298389 0.028640543534797325 0.5255253271274732 0.3163561581807624 0.2804598796955075 0.5619298991285915 0.517461004148285 0.15736388515878444  
0.07350989632142488 0.6841503448082854 0.1762396613668848 0.006593798841636991 0.19443080669271048 0.2496627761791617 0.26023566204726856 0.20240711205326298 0.11230317148826507 0.38384261803445024  
0.02216046451099442 0.4475811421563278 0.06196543347772343 0.1262754930685534 0.045176436808191 0.19337030986129586 0.1799150261403449 0.4510795466381976 0.2538743436761608 0.1432300011054468  
0.02257354393820822 0.073402448023801 0.0909526372181236 0.33611839440306557 0.7138808227294537 0.06996547108734905 0.2948779166047955 0.26195864370630817 0.25653357377574787 0.6772300393912883  
0.05731298875034367 0.29703896039525113 0.5158583572275907 0.30297202918083915 0.12257967691262443 0.489234624570465 0.7884763395409358 1.2134182428056108 0.13357231467031871 0.06982868248071114  
0.27329853037901897 0.7000245791407497 0.05548479539845721 0.03973874842062901 0.270932180387076 0.38644307252613064 0.06002442088255094 0.35003549152027785 0.293047402314145 0.2978283185884625  
0.12039353721669903 0.008336078925054221 0.05052436348847212 0.06353556451390248 0.07569728115491697 0.1545975894135881 0.24502798070785328 0.09748481999482866 0.3377164234086831 0.22986208597953148  
0.13921473408603324 0.10150375048058054 0.18644979609135093 0.07794175911577436 0.22808142338794363 0.4274097533240026 0.16599349371454566 0.01161836148109145 0.4549409300731202 0.6560305900705594  
0.0007111150823305586 0.28155373352104335 0.07471922605324056 0.26188326609616075 0.27881715862430234 0.0750717516453414 0.668038639555543 0.025705156031209108 0.03858091911173557 0.14370489852272655  
0.22412576530073536 0.1676520842267598 0.19799231714227922 0.06536161812021192 0.1424966222916337 0.23109159936789897 0.2545966041111595 0.05350551395409093 0.12498805181712994 0.049328268009867046  
0.010808099718407356 0.03212155988050301 0.08336059594495975 0.07778933948288151 0.025422210218529487 0.012507788869464038 0.02544181918132255 0.912536188343629 1.2265106149638472 0.16788709042317987  
0.018402135238631635 0.07058893297244331 0.12518497607899667 0.5451174004205299 0.06963254991576845 0.12965927116577056 0.23057771759687162 0.3904302748778535 0.22087594238590502 0.30340407983303086  
0.45998576549877124 0.27509336283984925 0.11156812326276956 0.11516948302877966 0.13885433149537402 0.06623691495410226 0.047822003487359516 0.03666884625841336 0.18820334014262943 0.0031525966209995887  
0.29455000613115834 0.004167325538748474 0.5242120074499099 0.4427254331385855 0.006981243384738659 0.31793887839860396 0.04397590029792059 0.9544648931890438 0.026831579928333987 0.0008048922663648796  
0.5529286613734739 0.3479663692711355 0.22089239005454156 0.10378842587641722 0.08270842439994766 0.023988937898253074 0.15240188124479934 0.34318993994280433 0.7994288856013538 0.6101886367534585  
0.004957788413762113 0.8921609210143508 0.47164472130619 0.09903234847892854 0.2512604276687095 0.22622346106814825 0.3168889241917312 0.17671765427076164 0.6037520855297018 1.1282672698309604  
0.04022375683520162 0.8339458474907785 0.10632614128841235 0.2869813271819856 0.7736350152213873 0.15944209164524462 0.08619109332231914 0.06785188853233495 0.19730275785551457 0.06836853024198469  
0.12497502515005389 0.062404095083382356 0.12547524389504125 0.5391520481193764 0.7547638225441772 0.3289714517136204 0.03761730967010761 0.2526363832200539 0.4411450946754408 0.10120427161257073  
0.06053779315510169 0.2387163385670622 0.10949491769521565 0.01304417902505432 0.019854062317637935 0.12116396694087465 0.32298465268966403 0.47855866244816514 0.818800887746041 0.7802602275288332  
0.24216559582900535 0.2789621730678391 0.13207417492058496 0.7640073174721155 0.052835016310757224 0.23284887544334307 0.14909180065259642 0.06889968382723408 0.1452671222891757 1.174147185681239  
0.04996381893942182 0.22072334800579482 0.36820046316813027 0.9628741893224971 0.7097380958565628 0.2218731294030589 0.3840650924149832 0.11330395139323675 0.19623770426967838 0.1873144617810182  
0.47433595174436377 0.17938228906963022 0.043516003303827495 0.005675255725709405 0.07728218065981761 0.7347046672464604 0.150455247657325 0.33656782168293764 0.05597830754401801 0.10746135800025126  
0.14499462682863173 0.12332718839688254 0.1892723684124624 0.4708609737115002 0.3425452604006992 0.23888716040799568 0.5097842570464758 0.3914095289156607 0.12943658471368874 0.00926747738712685  
0.25513788746179744 0.12342236466844213 0.04332164538981431 0.2706837901281811 0.3096243404185052 0.3049557293961009 0.2337404792138368 0.31987839887273234 0.06664492607855567 0.1267441370448938  
0.471846760233251 0.3060909926112487 0.7764563640656141 0.15583401773480599 0.027180722421368358 0.22284889921158033 0.3196429944650024 0.8563987308549936 0.2610207502444123 0.7437088160166401  
0.05529914664882412 0.17835794841287025 0.2506399780634878 0.03952602627532139 0.1779237713791061 0.03127099238502296 0.38960766526898316 0.22949489799365524 0.4331583088603121 0.4119277586347939  
0.10329904901908081 0.15235978460881436 0.25837315313960574 0.07990099677158953 0.17389398700704983 0.23973037687293744 0.749227818140404 0.010761715854956926 0.17981234265842783 0.042853465406966114  
0.01520007096149664 0.18850123028434704 0.1726477976334291 0.09021325449650199 0.05026733022951928 0.6341107467228568 0.07081887320587689 0.2729604321302484 0.623107966431835 0.8010293011724265  
0.304221884370311 0.10784354090729477 0.0471371211490165 0.5135053573555683 0.17818562871547688 0.09350207029217875 0.423377885069072 0.15181274625039579 0.35519294167809184 1.0723800803210821  
0.0992697631280713 0.651428029886269 0.6061358501902223 0.28677582781164307 0.07960707286457376 0.29497196816590754 0.5053061367991074 0.6175506089792014 0.44385064480975694 0.19172004244935673  
0.03240909948996732 0.004543921116349899 0.19668920124112077 0.7461304386015655 0.061324853762511775 0.04802535406854356 0.09661658351107685 0.04507072274957627 0.18619016357144758 0.045833039090415494  
0.013177615972380815 0.11871866291939302 0.14243712579889298 0.18503107440071612 0.024447353221301992 0.5531979587461413 0.00958983448903786 0.43443888641840434 0.26168039704324125 0.18758732292672323  
0.2562266991290116 0.011610818748481579 0.1709080013383986 0.08991852606894243 0.017680658919159827 0.44592256481458026 0.43174963514497144 0.19188807334752642 0.047390198904944975 0.6579870001836364  
0.23546935336179584 0.8761956658475814 0.034679072771930525 0.058106383769525906 0.2472032297246213 0.2651362602228438 0.4040162997933518 0.39560907724608374 0.2985741181274272 0.6719866769388098  
0.1434405809665365 0.7887589933616346 0.3482184869775111 0.03506434938755075 0.40485727771525126 0.6315040449985482 0.04779306743854183 0.6798139085174361 0.23784992635696545 0.2025266067065601  
0.31856634171083326 0.2974344879882693 0.27889174373736697 0.23768487596133742 0.054345607035813405 0.37029873753390696 0.15484266995119603 0.2802179762582289 0.06390520797053217 0.3291744461994403  
0.006359878057673406 0.0002632145920362722 0.4044635073991385 0.07315439330208659 0.3803717094797008 0.1649669425270619 0.0018886733353121361 0.3442955901373115 0.04788790048905741 0.262181316894825  
0.10756210302935075 0.18976527401354162 0.026013477146699118 0.21749342826195522 0.2994731322403513 0.03901468321001262 0.14522754414999348 0.48917357045436854 0.04135912967751383 0.0019776445642537997  
0.48460942835305204 0.04289544494214596 0.9535656152307479 0.6197744011649342 0.030532643369725738 0.03974444471876822 0.3908595519715924 1.0987670322797016 0.09168169894683491 0.7249667868054214  
